00100100000000100000000000000100
00111100000000010001000000000001
00110100001001000000000000000000
00000000000000000000000000001100
00100100000000100000000000000101
00000000000000000000000000001100
00000000010000000010100000100000
00100100000000100000000000000100
00111100000000010001000000000001
00110100001001000000000000000100
00000000000000000000000000001100
00111100000000010001000000000001
00110100001100010000000000010100
00100100000010000000000000000000
00000001000001010100100000101010
00010001001000000000000000000111
00100100000000100000000000000101
00000000000000000000000000001100
00000000000010000101000010000000
00000010001010100101100000100000
10101101011000100000000000000000
00100001000010000000000000000001
00001000000100000000000000001110
00100100000000100000000000000100
00111100000000010001000000000001
00110100001001000000000000001000
00000000000000000000000000001100
00100100000000100000000000000101
00000000000000000000000000001100
00000000010000000011000000100000
00000010001000000011100000100000
00001100000100000000000000101100
00000000010000001001000000100000
00100100000010001111111111111111
00010000010010000000000000011111
00100100000000100000000000000100
00111100000000010001000000000001
00110100001001000000000000010000
00000000000000000000000000001100
00100100000000100000000000000001
00000010010000000010000000100000
00000000000000000000000000001100
00100100000000100000000000001010
00000000000000000000000000001100
00100100000100000000000000000000
00100000101100011111111111111111
00000010001000001000100000100000
00000010001100000111000000101010
00010101110000000000000000001111
00000010000100011001000000100000
00000000000100101001000001000010
00000000000100101001100010000000
00000000111100110101000000100000
10001101010010110000000000000000
00010001011001100000000000000111
00000001011001100110000000101010
00010001100000000000000000000011
00001000000100000000000000111010
00100010010100000000000000000001
00001000000100000000000000101111
00100010010100011111111111111111
00001000000100000000000000101111
00000010010000000001000000100000
00000011111000000000000000001000
00100100000000101111111111111111
00000011111000000000000000001000
00100100000000100000000000000100
00111100000000010001000000000001
00110100001001000000000000001100
00000000000000000000000000001100
00100100000000100000000000001010
00000000000000000000000000001100
